[0,0],35,0.0,0.6,9999999999
[1,5],31,0.3129032258064516,0.989247311827957,2.1615120274914092
[6,10],19,0.8421052631578947,3.3157894736842106,2.9375000000000004
[11,20],25,1.56,3.16,1.0256410256410255
[21,30],25,2.588,3.546666666666667,0.3704276146316332
[31,40],19,3.621052631578947,3.947368421052632,0.0901162790697676
[41,50],25,4.572,5.1866666666666665,0.13444152814231547
[51,65],24,5.966666666666667,4.222222222222222,-0.292364990689013
[66,80],15,7.446666666666667,8.511111111111111,0.1429424052521635
[81,99],17,8.817647058823528,6.882352941176471,-0.21947965310206785
[100,120],23,11.0,7.3768115942028984,-0.3293807641633729
[120,200],13,14.469230769230768,6.051282051282051,-0.5817827396774764
