2020-02-01 23:59:00,0,0,0,0,0,0,0,0,0,0,0,0,0,0,0,0,0,0,0,0,0,0,0,0,0,0,0,0,0,0,0,0,0,0,0,0,0,0,0,0,0,0,0,0,0,0,0,0,0,0,0,0,0,0,0,0,0,0,0,0,0,0,0,0,0,0,0,0,0,0,0,0,0,0,0,0,0,0,0,0,0,0,0,0,0,0,0,0,0,0,0,0,0,0,0,0,0,0,0,0,0,0,0,0,0,0,0,0,0,0,0,0,0,0,0,0,0,0,0,0,0,0,0,0,0,0,0,0,0,0,0,0,0,0,0,0,0,0,0,0,0,0,0,0,0,0,0,0,0,0,0,0,0,0,0,0,0,0,0,0,0,0,0,0,0,0,0,0,0,0,0,0,0,0,0,0,0,0,0,0,0,0,0,0,0,0,0,0,0,0,0,0,0,0,0,0,0,0,0,0,0,0,0,0,0,0,0,0,0,0,0,0,0,0,0,0,0,0,0,0,0,0,0,0,0,0,0,0,0,0,0,0,0,0,0,0,0,0,0,0,0,0,0,0,0,0,0,0,0,0,0,0,0,0,0,0,0,0,0,0,0,0,0,0,0,0,0,0,0,0,0

2020-02-02 23:59:00,0,0,0,0,0,0,0,0,0,0,0,0,0,0,0,0,0,0,0,0,0,0,0,0,0,0,0,0,0,0,0,0,0,0,0,0,0,0,0,0,0,0,0,0,0,0,0,0,0,0,0,0,0,0,0,0,0,0,0,0,0,0,0,0,0,0,0,0,0,0,0,0,0,0,0,0,0,0,0,0,0,0,0,0,0,0,0,0,0,0,0,0,0,0,0,0,0,0,0,0,0,0,0,0,0,0,0,0,0,0,0,0,0,0,0,0,0,0,0,0,0,0,0,0,0,0,0,0,0,0,0,0,0,0,0,0,0,0,0,0,0,0,0,0,0,0,0,0,0,0,0,0,0,0,0,0,0,0,0,0,0,0,0,0,0,0,0,0,0,0,0,0,0,0,0,0,0,0,0,0,0,0,0,0,0,0,0,0,0,0,0,0,0,0,0,0,0,0,0,0,0,0,0,0,0,0,0,0,0,0,0,0,0,0,0,0,0,0,0,0,0,0,0,0,0,0,0,0,0,0,0,0,0,0,0,0,0,0,0,0,0,0,0,0,0,0,0,0,0,0,0,0,0,0,0,0,0,0,0,0,0,0,0,0,0,0,0,0,0,0,0

2020-02-03 23:59:00,0,0,0,0,0,0,0,0,0,0,0,0,0,0,0,0,0,0,0,0,0,0,0,0,0,0,0,0,0,0,0,0,0,0,0,0,0,0,0,0,0,0,0,0,0,0,0,0,0,0,0,0,0,0,0,0,0,0,0,0,0,0,0,0,0,0,0,0,0,0,0,0,0,0,0,0,0,0,0,0,0,0,0,0,0,0,0,0,0,0,0,0,0,0,0,0,0,0,0,0,0,0,0,0,0,0,0,0,0,0,0,0,0,0,0,0,0,0,0,0,0,0,0,0,0,0,0,0,0,0,0,0,0,0,0,0,0,0,0,0,0,0,0,0,0,0,0,0,0,0,0,0,0,0,0,0,0,0,0,0,0,0,0,0,0,0,0,0,0,0,0,0,0,0,0,0,0,0,0,0,0,0,0,0,0,0,0,0,0,0,0,0,0,0,0,0,0,0,0,0,0,0,0,0,0,0,0,0,0,0,0,0,0,0,0,0,0,0,0,0,0,0,0,0,0,0,0,0,0,0,0,0,0,0,0,0,0,0,0,0,0,0,0,0,0,0,0,0,0,0,0,0,0,0,0,0,0,0,0,0,0,0,0,0,0,0,0,0,0,0,0

2020-02-04 23:59:00,0,0,0,0,0,0,0,0,0,0,0,0,0,0,0,0,0,0,0,0,0,0,0,0,0,0,0,0,0,0,0,0,0,0,0,0,0,0,0,0,0,0,0,0,0,0,0,0,0,0,0,0,0,0,0,0,0,0,0,0,0,0,0,0,0,0,0,0,0,0,0,0,0,0,0,0,0,0,0,0,0,0,0,0,0,0,0,0,0,0,0,0,0,0,0,0,0,0,0,0,0,0,0,0,0,0,0,0,0,0,0,0,0,0,0,0,0,0,0,0,0,0,0,0,0,0,0,0,0,0,0,0,0,0,0,0,0,0,0,0,0,0,0,0,0,0,0,0,0,0,0,0,0,0,0,0,0,0,0,0,0,0,0,0,0,0,0,0,0,0,0,0,0,0,0,0,0,0,0,0,0,0,0,0,0,0,0,0,0,0,0,0,0,0,0,0,0,0,0,0,0,0,0,0,0,0,0,0,0,0,0,0,0,0,0,0,0,0,0,0,0,0,0,0,0,0,0,0,0,0,0,0,0,0,0,0,0,0,0,0,0,0,0,0,0,0,0,0,0,0,0,0,0,0,0,0,0,0,0,0,0,0,0,0,0,0,0,0,0,0,0

2020-02-05 23:59:00,0,0,0,0,0,0,0,0,0,0,0,0,0,0,0,0,0,0,0,0,0,0,0,0,0,0,0,0,0,0,0,0,0,0,0,0,0,0,0,0,0,0,0,0,0,0,0,0,0,0,0,0,0,0,0,0,0,0,0,0,0,0,0,0,0,0,0,0,0,0,0,0,0,0,0,0,0,0,0,0,0,0,0,0,0,0,0,0,0,0,0,0,0,0,0,0,0,0,0,0,0,0,0,0,0,0,0,0,0,0,0,0,0,0,0,0,0,0,0,0,0,0,0,0,0,0,0,0,0,0,0,0,0,0,0,0,0,0,0,0,0,0,0,0,0,0,0,0,0,0,0,0,0,0,0,0,0,0,0,0,0,0,0,0,0,0,0,0,0,0,0,0,0,0,0,0,0,0,0,0,0,0,0,0,0,0,0,0,0,0,0,0,0,0,0,0,0,0,0,0,0,0,0,0,0,0,0,0,0,0,0,0,0,0,0,0,0,0,0,0,0,0,0,0,0,0,0,0,0,0,0,0,0,0,0,0,0,0,0,0,0,0,0,0,0,0,0,0,0,0,0,0,0,0,0,0,0,0,0,0,0,0,0,0,0,0,0,0,0,0,0

2020-02-06 23:59:00,0,0,0,0,0,0,0,0,0,0,0,0,0,0,0,0,0,0,0,0,0,0,0,0,0,0,0,0,0,0,0,0,0,0,0,0,0,0,0,0,0,0,0,0,0,0,0,0,0,0,0,0,0,0,0,0,0,0,0,0,0,0,0,0,0,0,0,0,0,0,0,0,0,0,0,0,0,0,0,0,0,0,0,0,0,0,0,0,0,0,0,0,0,0,0,0,0,0,0,0,0,0,0,0,0,0,0,0,0,0,0,0,0,0,0,0,0,0,0,0,0,0,0,0,0,0,0,0,0,0,0,0,0,0,0,0,0,0,0,0,0,0,0,0,0,0,0,0,0,0,0,0,0,0,0,0,0,0,0,0,0,0,0,0,0,0,0,0,0,0,0,0,0,0,0,0,0,0,0,0,0,0,0,0,0,0,0,0,0,0,0,0,0,0,0,0,0,0,0,0,0,0,0,0,0,0,0,0,0,0,0,0,0,0,0,0,0,0,0,0,0,0,0,0,0,0,0,0,0,0,0,0,0,0,0,0,0,0,0,0,0,0,0,0,0,0,0,0,0,0,0,0,0,0,0,0,0,0,0,0,0,0,0,0,0,0,0,0,0,0,0

2020-02-07 23:59:00,0,0,0,0,0,0,0,0,0,0,0,0,0,0,0,0,0,0,0,0,0,0,0,0,0,0,0,0,0,0,0,0,0,0,0,0,0,0,0,0,0,0,0,0,0,0,0,0,0,0,0,0,0,0,0,0,0,0,0,0,0,0,0,0,0,0,0,0,0,0,0,0,0,0,0,0,0,0,0,0,0,0,0,0,0,0,0,0,0,0,0,0,0,0,0,0,0,0,0,0,0,0,0,0,0,0,0,0,0,0,0,0,0,0,0,0,0,0,0,0,0,0,0,0,0,0,0,0,0,0,0,0,0,0,0,0,0,0,0,0,0,0,0,0,0,0,0,0,0,0,0,0,0,0,0,0,0,0,0,0,0,0,0,0,0,0,0,0,0,0,0,0,0,0,0,0,0,0,0,0,0,0,0,0,0,0,0,0,0,0,0,0,0,0,0,0,0,0,0,0,0,0,0,0,0,0,0,0,0,0,0,0,0,0,0,0,0,0,0,0,0,0,0,0,0,0,0,0,0,0,0,0,0,0,0,0,0,0,0,0,0,0,0,0,0,0,0,0,0,0,0,0,0,0,0,0,0,0,0,0,0,0,0,0,0,0,0,0,0,0,0

2020-02-08 23:59:00,0,0,0,0,0,0,0,0,0,0,0,0,0,0,0,0,0,0,0,0,0,0,0,0,0,0,0,0,0,0,0,0,0,0,0,0,0,0,0,0,0,0,0,0,0,0,0,0,0,0,0,0,0,0,0,0,0,0,0,0,0,0,0,0,0,0,0,0,0,0,0,0,0,0,0,0,0,0,0,0,0,0,0,0,0,0,0,0,0,0,0,0,0,0,0,0,0,0,0,0,0,0,0,0,0,0,0,0,0,0,0,0,0,0,0,0,0,0,0,0,0,0,0,0,0,0,0,0,0,0,0,0,0,0,0,0,0,0,0,0,0,0,0,0,0,0,0,0,0,0,0,0,0,0,0,0,0,0,0,0,0,0,0,0,0,0,0,0,0,0,0,0,0,0,0,0,0,0,0,0,0,0,0,0,0,0,0,0,0,0,0,0,0,0,0,0,0,0,0,0,0,0,0,0,0,0,0,0,0,0,0,0,0,0,0,0,0,0,0,0,0,0,0,0,0,0,0,0,0,0,0,0,0,0,0,0,0,0,0,0,0,0,0,0,0,0,0,0,0,0,0,0,0,0,0,0,0,0,0,0,0,0,0,0,0,0,0,0,0,0,0

2020-02-09 23:59:00,0,0,0,0,0,0,0,0,0,0,0,0,0,0,0,0,0,0,0,0,0,0,0,0,0,0,0,0,0,0,0,0,0,0,0,0,0,0,0,0,0,0,0,0,0,0,0,0,0,0,0,0,0,0,0,0,0,0,0,0,0,0,0,0,0,0,0,0,0,0,0,0,0,0,0,0,0,0,0,0,0,0,0,0,0,0,0,0,0,0,0,0,0,0,0,0,0,0,0,0,0,0,0,0,0,0,0,0,0,0,0,0,0,0,0,0,0,0,0,0,0,0,0,0,0,0,0,0,0,0,0,0,0,0,0,0,0,0,0,0,0,0,0,0,0,0,0,0,0,0,0,0,0,0,0,0,0,0,0,0,0,0,0,0,0,0,0,0,0,0,0,0,0,0,0,0,0,0,0,0,0,0,0,0,0,0,0,0,0,0,0,0,0,0,0,0,0,0,0,0,0,0,0,0,0,0,0,0,0,0,0,0,0,0,0,0,0,0,0,0,0,0,0,0,0,0,0,0,0,0,0,0,0,0,0,0,0,0,0,0,0,0,0,0,0,0,0,0,0,0,0,0,0,0,0,0,0,0,0,0,0,0,0,0,0,0,0,0,0,0,0

2020-02-10 23:59:00,0,0,0,0,0,0,0,0,0,0,0,0,0,0,0,0,0,0,0,0,0,0,0,0,0,0,0,0,0,0,0,0,0,0,0,0,0,0,0,0,0,0,0,0,0,0,0,0,0,0,0,0,0,0,0,0,0,0,0,0,0,0,0,0,0,0,0,0,0,0,0,0,0,0,0,0,0,0,0,0,0,0,0,0,0,0,0,0,0,0,0,0,0,0,0,0,0,0,0,0,0,0,0,0,0,0,0,0,0,0,0,0,0,0,0,0,0,0,0,0,0,0,0,0,0,0,0,0,0,0,0,0,0,0,0,0,0,0,0,0,0,0,0,0,0,0,0,0,0,0,0,0,0,0,0,0,0,0,0,0,0,0,0,0,0,0,0,0,0,0,0,0,0,0,0,0,0,0,0,0,0,0,0,0,0,0,0,0,0,0,0,0,0,0,0,0,0,0,0,0,0,0,0,0,0,0,0,0,0,0,0,0,0,0,0,0,0,0,0,0,0,0,0,0,0,0,0,0,0,0,0,0,0,0,0,0,0,0,0,0,0,0,0,0,0,0,0,0,0,0,0,0,0,0,0,0,0,0,0,0,0,0,0,0,0,0,0,0,0,0,0

2020-02-11 23:59:00,0,0,0,0,0,0,0,0,0,0,0,0,0,0,0,0,0,0,0,0,0,0,0,0,0,0,0,0,0,0,0,0,0,0,0,0,0,0,0,0,0,0,0,0,0,0,0,0,0,0,0,0,0,0,0,0,0,0,0,0,0,0,0,0,0,0,0,0,0,0,0,0,0,0,0,0,0,0,0,0,0,0,0,0,0,0,0,0,0,0,0,0,0,0,0,0,0,0,0,0,0,0,0,0,0,0,0,0,0,0,0,0,0,0,0,0,0,0,0,0,0,0,0,0,0,0,0,0,0,0,0,0,0,0,0,0,0,0,0,0,0,0,0,0,0,0,0,0,0,0,0,0,0,0,0,0,0,0,0,0,0,0,0,0,0,0,0,0,0,0,0,0,0,0,0,0,0,0,0,0,0,0,0,0,0,0,0,0,0,0,0,0,0,0,0,0,0,0,0,0,0,0,0,0,0,0,0,0,0,0,0,0,0,0,0,0,0,0,0,0,0,0,0,0,0,0,0,0,0,0,0,0,0,0,0,0,0,0,0,0,0,0,0,0,0,0,0,0,0,0,0,0,0,0,0,0,0,0,0,0,0,0,0,0,0,0,0,0,0,0,0

2020-02-12 23:59:00,0,0,0,0,0,0,0,0,0,0,0,0,0,0,0,0,0,0,0,0,0,0,0,0,0,0,0,0,0,0,0,0,0,0,0,0,0,0,0,0,0,0,0,0,0,0,0,0,0,0,0,0,0,0,0,0,0,0,0,0,0,0,0,0,0,0,0,0,0,0,0,0,0,0,0,0,0,0,0,0,0,0,0,0,0,0,0,0,0,0,0,0,0,0,0,0,0,0,0,0,0,0,0,0,0,0,0,0,0,0,0,0,0,0,0,0,0,0,0,0,0,0,0,0,0,0,0,0,0,0,0,0,0,0,0,0,0,0,0,0,0,0,0,0,0,0,0,0,0,0,0,0,0,0,0,0,0,0,0,0,0,0,0,0,0,0,0,0,0,0,0,0,0,0,0,0,0,0,0,0,0,0,0,0,0,0,0,0,0,0,0,0,0,0,0,0,0,0,0,0,0,0,0,0,0,0,0,0,0,0,0,0,0,0,0,0,0,0,0,0,0,0,0,0,0,0,0,0,0,0,0,0,0,0,0,0,0,0,0,0,0,0,0,0,0,0,0,0,0,0,0,0,0,0,0,0,0,0,0,0,0,0,0,0,0,0,0,0,0,0,0

2020-02-13 23:59:00,0,0,0,0,0,0,0,0,0,0,0,0,0,0,0,0,0,0,0,0,0,0,0,0,0,0,0,0,0,0,0,0,0,0,0,0,0,0,0,0,0,0,0,0,0,0,0,0,0,0,0,0,0,0,0,0,0,0,0,0,0,0,0,0,0,0,0,0,0,0,0,0,0,0,0,0,0,0,0,0,0,0,0,0,0,0,0,0,0,0,0,0,0,0,0,0,0,0,0,0,0,0,0,0,0,0,0,0,0,0,0,0,0,0,0,0,0,0,0,0,0,0,0,0,0,0,0,0,0,0,0,0,0,0,0,0,0,0,0,0,0,0,0,0,0,0,0,0,0,0,0,0,0,0,0,0,0,0,0,0,0,0,0,0,0,0,0,0,0,0,0,0,0,0,0,0,0,0,0,0,0,0,0,0,0,0,0,0,0,0,0,0,0,0,0,0,0,0,0,0,0,0,0,0,0,0,0,0,0,0,0,0,0,0,0,0,0,0,0,0,0,0,0,0,0,0,0,0,0,0,0,0,0,0,0,0,0,0,0,0,0,0,0,0,0,0,0,0,0,0,0,0,0,0,0,0,0,0,0,0,0,0,0,0,0,0,0,0,0,0,0

2020-02-14 23:59:00,0,0,0,1,0,0,0,0,0,0,0,0,0,0,0,0,0,0,0,0,0,0,0,0,0,0,0,0,0,0,0,0,0,0,0,0,0,0,0,0,0,0,0,0,0,0,0,0,0,130,0,0,0,0,0,0,0,0,0,0,0,0,0,0,0,0,0,0,0,0,0,0,0,0,0,0,0,0,0,0,0,0,0,0,0,0,0,0,0,0,0,0,0,0,0,0,0,0,0,0,0,0,0,1,0,0,0,0,0,0,0,0,0,0,0,0,0,0,0,0,0,0,0,0,0,0,0,0,0,0,0,0,0,0,0,0,0,0,0,0,0,0,0,0,0,0,0,0,0,0,0,0,0,0,4,0,0,0,0,0,0,0,0,0,0,0,0,0,0,0,0,0,0,0,0,0,0,0,0,0,0,0,0,0,0,0,0,0,0,0,0,0,0,0,0,0,0,0,0,0,0,0,0,0,0,0,0,0,0,0,0,0,0,0,0,0,0,0,0,0,0,0,0,0,0,0,0,0,0,0,0,0,0,0,0,0,0,0,0,0,0,0,0,0,0,0,0,0,0,0,0,0,0,0,0,0,0,0,0,0,0,0,0,0,0,0,0,0,0,0,0

2020-02-15 23:59:00,0,0,0,2,0,0,0,0,0,0,0,0,0,0,0,0,0,0,0,0,0,0,0,0,0,0,0,0,0,0,0,0,0,0,0,0,0,0,0,0,0,0,0,0,0,0,0,0,0,130,0,0,0,0,0,0,0,0,0,0,0,0,0,0,0,0,0,0,0,0,0,0,0,0,0,0,0,0,0,0,0,0,0,0,0,0,0,0,0,0,0,0,0,0,0,0,0,0,0,0,0,0,0,1,0,0,0,0,0,0,0,0,0,0,0,0,0,0,0,0,0,0,0,0,0,0,0,0,0,0,0,0,0,0,0,0,0,0,0,0,0,0,0,0,0,0,0,0,0,0,0,0,0,0,5,0,0,0,0,0,0,0,0,0,0,0,0,0,0,0,0,0,0,0,0,0,0,0,0,0,0,0,0,0,0,0,0,0,0,0,0,0,0,0,0,0,0,0,0,0,0,0,0,0,0,0,0,0,0,0,0,0,0,0,0,0,0,0,0,0,0,0,0,0,0,0,0,0,0,0,0,0,0,0,0,0,0,0,0,0,0,0,0,0,0,0,0,0,0,0,0,0,0,0,0,0,0,0,0,0,0,0,0,0,0,0,0,0,0,0,0

2020-02-16 23:59:00,0,0,0,2,0,0,0,0,0,0,0,0,0,0,0,0,0,0,0,0,0,0,0,0,0,0,0,0,0,0,0,0,0,0,0,0,0,0,0,0,0,0,0,0,0,0,0,0,0,130,0,0,0,0,0,0,0,0,0,0,0,0,0,0,0,0,0,0,0,0,0,0,0,0,0,0,0,0,0,0,0,0,0,0,0,0,0,0,0,0,0,0,0,0,0,0,0,0,0,0,0,0,0,1,0,0,0,0,0,0,0,0,0,0,0,0,0,0,0,0,0,0,0,0,0,0,0,0,0,0,0,0,0,0,0,0,0,0,0,0,0,0,0,0,0,0,0,0,0,0,0,0,0,0,5,0,0,0,0,0,0,0,0,0,0,0,0,0,0,0,0,0,0,0,0,0,0,0,0,0,0,0,0,0,0,0,0,0,0,0,0,0,0,0,0,0,0,0,0,0,0,0,0,0,0,0,0,0,0,0,0,0,0,0,0,0,0,0,0,0,0,0,0,0,0,0,0,0,0,0,0,0,0,0,0,0,0,0,0,0,0,0,0,0,0,0,0,0,0,0,0,0,0,0,0,0,0,0,0,0,0,0,0,0,0,0,0,0,0,0,0

2020-02-17 23:59:00,0,0,0,2,3,0,3,3,0,0,6,0,1,0,1,0,0,6,2,0,0,0,1,0,0,0,0,5,0,1,3,0,0,5,7,0,0,0,0,0,0,0,0,0,0,0,0,0,0,130,8,0,4,0,4,4,1,3,5,19,20,13,23,1,20,8,27,7,13,15,7,0,1,1,5,0,10,8,7,6,2,0,0,1,0,13,1,10,0,10,5,3,9,0,0,0,0,0,0,0,0,0,0,1,0,0,0,0,6,0,8,0,2,3,17,2,0,0,3,0,0,0,6,5,0,0,2,0,1,4,1,0,1,0,0,0,0,0,3,0,0,0,0,0,1,0,0,0,0,0,0,1,0,1,5,0,0,0,0,0,0,0,16,16,10,27,2,0,0,0,9,0,5,0,0,4,0,2,0,0,7,12,3,2,6,0,8,0,1,0,0,5,2,3,0,0,0,0,0,0,0,0,0,0,0,0,0,0,0,0,0,0,0,0,1,0,0,5,8,0,0,0,0,0,0,16,0,0,5,0,0,3,14,1,6,0,0,14,0,0,1,0,5,0,0,0,2,6,7,10,0,0,2,5,0,6,5,5,3,2,0,0,1,0,0,0,0,1,0,0,0

2020-02-18 23:59:00,0,10,10,2,6,0,14,6,3,11,12,7,9,6,7,1,10,12,11,0,0,0,8,10,1,4,1,19,1,6,4,0,7,20,38,0,0,0,0,0,12,0,0,1,0,0,0,0,0,130,13,0,13,14,20,15,1,4,19,37,52,34,39,16,33,20,50,17,19,30,13,0,16,13,17,3,18,22,18,20,13,0,0,1,0,35,15,30,0,31,15,15,33,17,0,0,0,4,0,0,0,0,0,1,0,0,0,0,26,0,17,7,11,16,41,5,0,0,5,5,2,4,23,28,0,3,3,4,10,19,3,2,8,11,0,12,0,11,24,0,0,4,2,3,16,1,2,0,0,0,0,1,0,8,5,0,0,0,0,0,0,2,38,39,28,52,7,1,4,2,16,4,12,7,7,8,3,11,4,0,35,35,15,8,12,3,23,0,1,0,5,13,6,9,0,0,2,5,0,0,0,0,2,0,0,0,0,0,0,0,0,0,0,0,1,0,4,6,8,0,0,0,0,9,0,23,0,0,24,0,0,17,24,1,6,4,0,26,8,4,6,0,11,4,2,0,2,15,17,24,0,12,4,6,0,11,17,11,8,15,0,0,1,0,0,5,2,3,0,4,0

2020-02-19 23:59:00,0,24,10,2,26,16,36,10,8,23,18,10,13,10,7,2,26,26,26,0,0,0,21,14,4,25,6,26,10,12,8,1,9,42,58,0,0,0,0,3,12,8,0,1,0,0,0,0,0,130,15,0,27,14,31,25,1,8,25,60,77,49,48,26,39,34,61,22,25,38,13,0,26,19,40,18,29,35,28,34,13,0,2,1,0,35,20,35,0,40,22,22,38,30,0,0,0,4,0,0,0,0,0,1,0,0,0,0,31,9,27,14,18,32,63,8,0,0,10,5,9,20,41,46,6,9,15,9,15,29,7,8,15,22,0,24,0,23,47,0,2,11,13,3,28,5,28,0,0,1,0,4,0,12,5,0,0,0,1,0,0,2,61,61,39,68,18,7,12,7,25,4,22,14,29,13,3,14,7,0,52,55,21,22,14,15,34,0,1,0,17,29,6,14,0,0,7,7,0,0,2,0,5,0,1,0,0,0,0,0,0,0,0,0,4,0,7,6,8,0,0,0,0,9,0,36,0,0,36,0,0,20,41,6,6,6,3,37,18,8,6,0,11,14,5,0,4,21,23,37,6,24,6,11,0,14,37,15,14,25,2,0,1,0,0,10,2,9,0,4,0

2020-02-20 23:59:00,0,36,10,2,29,21,42,16,11,37,22,16,20,13,7,2,33,46,35,0,1,0,29,28,4,37,9,38,25,21,17,4,9,42,69,0,0,2,2,6,21,14,0,1,0,0,0,0,0,130,32,3,28,18,41,28,1,14,34,80,86,65,64,26,39,39,69,23,28,52,14,0,39,24,43,25,35,40,32,38,13,0,5,1,0,40,28,36,0,52,27,26,45,34,0,0,0,14,0,0,0,0,0,1,0,0,0,0,44,28,33,22,34,69,63,16,0,0,15,10,11,25,58,53,6,13,21,12,20,37,11,14,17,40,0,26,0,41,60,1,6,17,14,4,30,13,40,0,0,4,0,7,0,13,5,1,0,0,1,0,0,2,81,73,49,85,23,11,17,7,25,7,26,14,32,19,3,15,16,0,72,72,24,22,19,17,54,0,1,0,22,30,6,14,2,0,9,8,2,0,3,0,6,1,1,0,0,0,0,0,0,0,0,0,4,0,10,6,8,0,0,0,0,9,0,40,0,0,40,3,0,37,56,6,6,6,4,57,18,9,6,0,22,15,5,0,4,25,31,46,8,34,13,12,0,21,41,22,17,35,2,0,1,0,0,15,2,9,0,4,0

2020-02-21 23:59:00,0,36,10,2,49,21,56,22,11,45,37,22,46,20,13,5,56,61,39,0,5,0,46,43,5,42,9,43,57,28,23,5,10,49,95,0,0,8,5,7,49,18,0,1,0,0,0,0,0,130,45,5,28,19,55,29,1,14,47,93,86,75,73,26,41,42,72,24,32,67,20,0,50,24,50,29,37,48,38,42,13,0,5,1,0,53,32,44,0,57,27,31,53,47,0,0,0,14,0,0,0,0,0,1,0,0,0,0,54,46,47,30,42,94,85,18,0,4,15,11,15,32,68,60,11,17,28,12,25,45,15,20,21,47,0,32,0,60,61,1,9,23,14,4,36,21,41,0,0,5,0,7,0,13,5,3,0,1,1,0,10,2,102,90,61,92,23,18,30,10,29,7,32,18,32,26,3,15,18,0,78,91,42,22,24,17,68,0,5,0,39,41,8,23,2,0,15,8,4,0,3,0,9,1,1,0,0,0,0,0,0,0,0,0,16,0,10,6,8,0,0,9,0,9,0,52,0,0,48,5,0,40,68,8,6,6,4,59,41,9,10,0,26,15,5,3,4,34,38,60,14,40,30,16,0,21,54,28,18,43,2,0,1,11,0,22,2,9,0,4,0

2020-02-22 23:59:00,0,52,12,2,75,27,68,24,37,69,45,30,62,28,17,10,83,80,45,0,16,0,46,51,5,42,17,55,76,34,30,5,10,55,99,7,0,15,5,7,82,23,0,1,0,4,0,0,0,130,51,15,28,19,61,35,1,18,58,110,86,90,106,30,44,45,72,24,35,81,25,0,68,30,50,32,42,51,48,51,13,1,5,1,12,58,39,49,2,81,27,32,53,57,0,0,2,14,0,0,0,0,0,1,0,0,0,0,74,53,48,40,48,115,87,30,1,21,23,14,23,46,81,78,23,21,38,12,30,48,15,31,27,62,0,48,1,78,68,1,12,32,20,4,36,24,53,0,0,5,0,7,0,17,5,3,0,10,1,0,10,2,121,90,69,92,35,23,30,10,32,15,38,30,34,28,8,15,21,0,79,91,51,22,31,23,82,0,9,0,52,49,8,34,4,1,17,9,4,4,4,0,9,1,9,0,0,0,0,0,0,0,3,0,21,0,10,6,8,0,0,30,0,9,0,67,0,0,59,19,0,41,76,12,8,6,4,77,52,21,10,8,35,15,5,5,5,51,51,71,16,41,48,25,0,21,69,28,22,50,11,0,1,15,0,24,3,9,0,4,0

2020-02-23 23:59:00,0,57,30,2,99,33,77,33,37,79,45,46,80,40,17,13,97,87,51,0,22,0,46,52,5,43,23,69,99,41,41,7,10,60,108,15,0,18,5,13,82,29,0,6,2,7,0,0,0,130,59,15,28,26,71,41,14,20,70,123,86,109,135,35,49,45,77,24,38,92,25,0,78,34,61,34,47,59,56,62,13,1,5,1,17,66,44,53,18,90,36,34,58,62,0,2,5,14,0,1,0,0,0,1,0,0,0,0,86,59,55,50,48,136,88,30,1,31,26,33,23,46,97,84,32,24,45,12,35,53,18,40,39,74,0,59,3,95,82,1,18,32,29,4,40,29,81,0,0,8,0,7,0,17,5,3,0,16,1,0,10,2,144,96,74,103,43,25,30,10,40,30,38,33,37,29,8,15,30,4,97,91,58,22,45,23,89,4,9,0,65,49,8,58,4,1,35,10,4,4,5,0,9,2,20,0,0,0,0,0,10,0,3,0,31,4,22,20,8,0,0,30,0,9,0,81,0,0,59,29,5,45,83,15,8,12,4,86,52,32,20,18,53,15,14,5,9,66,57,82,22,57,53,25,0,22,85,33,22,52,13,0,1,19,0,24,3,9,0,5,0

2020-02-24 23:59:00,0,59,37,2,113,39,80,38,37,91,55,47,83,42,17,14,107,88,51,0,29,0,83,72,5,43,28,69,105,44,48,8,10,70,113,17,0,29,5,16,82,35,0,6,2,9,0,0,3,130,63,21,28,26,83,44,14,20,82,133,86,112,150,35,49,55,81,27,44,99,25,0,92,37,67,37,47,64,56,73,13,1,5,1,29,66,51,55,22,103,36,34,61,62,0,4,9,16,0,1,0,0,0,1,0,0,0,0,90,72,65,57,56,146,88,34,1,31,28,34,23,46,106,95,39,27,49,12,40,59,23,46,55,76,4,59,3,111,97,1,26,39,36,4,40,33,81,0,0,9,0,7,0,21,5,3,0,22,1,0,10,2,164,99,87,111,47,25,30,10,47,41,43,35,49,33,24,15,37,4,102,109,64,22,53,23,98,6,9,0,66,59,8,66,4,1,37,10,4,4,5,0,14,2,21,0,0,0,0,0,10,0,5,0,31,4,24,20,8,0,0,30,0,9,0,84,5,0,72,42,5,46,96,19,9,17,4,86,58,41,20,18,53,16,14,5,9,73,59,93,25,66,62,25,0,24,93,36,23,55,14,0,1,20,0,24,3,9,0,5,0

2020-02-25 23:59:00,0,62,47,2,128,39,80,44,39,101,73,51,97,43,24,15,114,91,51,0,36,0,84,79,5,43,29,81,109,54,52,9,10,77,135,29,4,38,6,19,82,38,0,6,7,15,0,0,14,130,72,21,28,26,95,47,14,20,94,144,110,122,165,36,49,56,89,27,48,114,27,0,101,39,73,41,53,72,56,73,13,1,6,1,29,78,60,61,22,122,36,39,61,79,2,9,12,16,0,1,0,0,0,1,0,0,0,0,103,85,65,65,62,159,88,44,2,31,29,34,24,50,116,104,46,33,56,12,45,60,34,47,60,92,5,60,3,135,106,2,36,44,48,13,40,33,91,0,0,9,0,7,0,21,5,4,3,29,1,0,10,2,182,107,99,116,50,28,30,10,48,48,48,39,73,35,24,15,39,4,107,116,71,22,56,23,104,6,10,3,68,65,8,69,5,4,37,10,4,4,5,0,17,2,23,0,0,0,0,0,10,0,5,0,31,4,26,20,8,0,0,30,0,9,0,86,6,5,103,54,5,58,108,19,9,28,5,88,58,51,20,18,53,19,16,5,11,78,63,97,26,68,63,25,0,24,96,43,25,61,14,0,1,20,0,25,3,9,0,5,0

2020-02-26 23:59:00,1,64,59,2,139,40,92,46,39,107,84,53,111,47,24,20,123,102,52,1,41,0,94,86,5,44,29,86,109,64,62,9,11,91,138,29,22,44,6,22,82,41,0,6,8,15,0,0,24,130,76,21,28,26,105,47,14,20,108,149,110,137,175,37,49,69,93,30,48,118,27,0,108,39,79,48,59,78,62,83,15,1,11,1,33,89,63,63,25,127,36,41,61,90,2,12,16,16,0,1,0,0,0,1,0,0,0,0,113,103,72,75,72,170,88,47,2,31,41,37,29,54,119,121,46,41,58,12,50,60,35,47,68,96,10,63,3,161,117,2,38,49,52,16,40,33,94,0,0,12,0,7,0,26,5,4,5,37,1,0,10,2,187,118,110,124,56,41,33,11,49,48,48,39,80,45,24,15,40,4,109,116,76,22,62,23,107,9,10,8,77,75,8,76,5,4,49,10,4,4,5,0,20,3,23,0,0,0,0,0,10,0,5,0,31,8,26,20,8,0,0,30,0,9,0,88,6,5,113,61,5,63,113,19,9,35,14,109,58,71,30,18,58,19,18,5,11,82,73,103,26,81,64,28,0,35,102,46,28,61,15,0,1,20,0,25,3,9,0,5,0

2020-02-27 23:59:00,1,66,74,2,145,43,115,51,40,116,92,56,125,49,24,32,129,108,53,3,55,0,94,92,5,70,29,97,109,79,64,9,11,100,144,39,24,52,7,27,82,46,0,6,8,15,0,0,40,130,83,21,28,26,115,47,14,20,122,161,110,142,191,38,49,80,93,30,53,126,28,1,110,39,84,57,63,85,68,91,15,1,17,1,37,102,68,70,38,145,36,45,61,97,2,17,22,24,0,1,0,0,0,1,0,0,0,0,123,104,86,85,88,177,88,50,2,31,44,37,38,55,133,126,46,46,58,15,55,62,44,47,81,120,11,69,3,186,136,2,44,57,57,19,44,36,104,0,0,12,0,8,0,26,5,10,5,45,1,0,20,2,187,118,122,135,61,49,39,11,57,61,54,43,113,49,36,15,50,4,109,119,83,22,69,23,115,13,10,11,81,76,8,92,5,4,53,10,4,4,5,0,20,3,27,0,0,0,0,0,10,0,5,0,31,8,26,20,8,0,0,30,0,9,0,90,6,9,120,61,5,66,114,19,9,49,17,116,58,82,36,31,66,19,25,5,11,90,87,108,28,81,64,34,0,35,110,55,28,64,15,0,1,20,0,25,3,9,0,5,0

2020-02-28 23:59:00,1,68,74,2,156,43,128,57,53,125,92,58,128,51,24,40,132,122,66,4,55,0,94,95,5,85,29,100,109,79,68,10,15,106,147,50,24,60,10,40,82,52,0,26,34,20,0,6,52,130,101,21,41,29,130,50,14,23,133,173,110,144,193,45,49,87,93,32,63,132,32,5,118,43,90,58,65,93,78,91,15,6,22,9,38,113,75,78,43,155,36,47,61,105,2,20,23,27,0,1,0,1,0,1,0,0,0,0,128,129,86,94,102,183,88,56,2,31,50,37,43,63,135,135,46,51,59,15,70,64,48,47,85,135,18,69,6,199,145,7,69,57,66,22,47,36,119,0,0,13,0,8,0,26,5,10,6,46,1,0,23,2,190,119,136,138,63,55,44,11,58,68,60,50,126,55,51,15,54,4,109,134,83,22,73,23,131,13,12,19,88,86,8,99,6,13,57,10,5,4,10,0,20,3,33,0,0,0,0,0,10,0,5,0,31,15,26,20,8,0,0,30,0,18,0,93,6,10,130,61,5,69,120,19,17,54,29,123,58,85,38,40,72,19,31,5,11,90,100,117,28,88,64,34,0,35,117,55,28,64,15,0,1,20,0,25,3,9,0,5,0

2020-02-29 23:59:00,1,70,74,2,157,43,131,64,65,134,92,66,141,72,24,57,137,122,67,9,55,0,110,100,5,104,29,109,111,86,74,13,15,114,147,53,24,67,10,40,87,56,0,46,34,33,0,10,52,130,102,21,62,43,143,64,14,23,146,173,110,148,193,50,49,87,93,32,72,140,38,7,129,43,97,61,66,94,90,91,15,7,22,9,41,120,82,78,63,164,36,47,61,111,2,20,30,37,0,1,0,1,0,1,0,0,0,0,140,130,93,101,111,183,115,58,8,31,51,45,45,70,139,152,46,59,69,15,75,72,54,47,93,142,18,72,17,199,147,12,82,57,81,48,47,36,130,0,0,18,45,8,0,27,5,10,6,46,1,0,26,2,190,119,147,144,72,56,56,21,58,75,67,50,130,55,52,15,62,4,112,138,83,22,73,23,147,14,17,35,104,96,13,109,7,19,57,10,5,6,13,0,20,3,33,0,0,0,0,0,10,0,5,0,31,25,26,20,8,0,0,30,0,30,0,104,6,10,139,61,5,69,127,19,17,60,33,129,64,98,51,40,77,20,43,5,12,107,102,123,29,94,67,39,0,35,126,60,30,75,17,0,1,20,0,25,3,9,0,5,0

2020-03-01 23:59:00,1,75,94,2,157,43,135,64,72,140,92,66,153,81,32,61,142,122,67,21,57,0,134,106,12,116,29,116,133,93,87,20,22,117,148,62,27,74,16,50,110,68,0,46,51,44,0,21,52,130,103,21,75,43,143,76,14,23,159,177,110,149,199,51,49,89,127,34,79,146,38,13,146,44,102,68,66,99,95,97,15,7,22,9,41,127,88,94,84,164,36,51,61,117,2,20,34,52,0,1,0,5,0,1,0,0,0,0,140,130,105,101,117,188,115,66,22,31,51,49,45,110,139,156,66,59,89,15,81,90,63,47,103,155,18,76,28,199,149,12,87,63,94,48,49,38,136,10,0,21,45,8,0,27,5,10,6,46,1,0,33,2,191,122,155,145,72,60,68,21,60,86,74,52,142,55,52,15,78,4,115,138,83,28,77,26,147,14,19,44,118,108,14,112,9,25,70,10,5,6,16,0,20,3,33,0,0,0,0,0,18,0,5,0,31,28,26,20,8,0,0,30,0,34,0,118,6,11,145,79,5,82,129,22,17,65,34,136,89,98,61,42,78,22,49,5,14,111,119,128,29,103,75,45,0,35,131,71,32,75,18,0,1,20,0,25,3,9,0,5,0

2020-03-02 23:59:00,1,82,106,3,162,43,142,71,72,145,106,66,155,93,33,65,147,132,67,21,76,0,140,111,13,124,29,116,133,99,95,20,29,120,148,66,46,74,25,52,116,71,5,46,51,54,2,23,52,130,103,21,84,43,151,80,14,23,167,178,110,151,199,51,49,98,127,37,84,149,42,28,150,53,113,70,66,108,96,104,15,7,26,9,44,133,96,98,86,168,40,58,63,127,2,25,34,52,0,1,0,9,3,1,0,0,0,0,146,141,115,107,128,188,132,70,30,31,53,49,49,118,145,159,66,59,92,15,86,94,74,58,103,162,23,84,38,199,151,12,92,71,110,57,58,40,137,28,0,27,51,8,0,27,5,12,7,46,1,0,34,2,199,126,166,145,79,68,80,21,61,89,78,63,142,66,52,16,91,4,120,146,83,46,81,26,150,19,21,49,121,117,14,117,9,25,70,10,16,8,17,0,30,3,33,0,0,0,0,0,21,0,5,0,31,29,28,20,8,0,0,30,0,34,0,118,6,20,154,90,8,82,131,25,17,65,34,142,89,102,61,47,102,23,51,5,14,115,132,135,34,109,77,46,0,35,135,77,33,86,18,0,1,20,0,25,3,9,1,5,0

2020-03-03 23:59:00,2,98,106,4,170,43,149,78,72,150,115,74,158,98,33,73,153,142,67,32,85,0,148,124,18,137,29,121,141,110,101,25,29,123,148,75,56,78,33,55,123,76,10,50,51,59,2,32,52,130,118,21,84,43,161,87,14,23,178,181,110,164,199,59,49,111,141,44,88,155,42,50,153,58,122,70,67,118,108,113,15,12,34,9,52,133,104,104,88,169,41,62,63,137,2,32,34,61,0,1,0,9,7,1,0,0,1,0,148,158,115,117,136,192,166,79,43,31,65,50,59,127,151,161,66,59,97,21,92,97,90,69,107,162,28,84,45,199,162,20,93,79,123,62,58,57,137,45,0,30,54,8,0,27,5,14,7,46,1,0,36,2,199,131,184,150,86,76,88,21,61,94,83,67,148,71,65,16,98,13,123,158,87,66,85,26,154,19,21,54,134,131,17,127,9,25,70,10,26,16,23,0,30,3,33,0,0,0,0,0,21,0,5,0,31,30,28,20,8,0,0,30,0,34,0,118,6,20,162,98,8,83,141,28,17,75,34,162,101,110,61,51,108,27,63,5,14,115,147,141,38,121,93,48,0,35,147,85,37,86,19,0,1,20,0,25,3,9,1,5,0

2020-03-04 23:59:00,2,114,106,4,172,48,155,83,82,152,131,78,165,101,47,74,160,149,74,32,102,0,152,126,22,141,29,127,148,115,107,26,32,129,148,90,62,81,35,70,128,92,12,50,51,62,3,38,52,130,133,21,84,46,174,99,14,24,188,182,110,169,199,67,50,127,145,48,91,161,42,53,154,63,136,80,70,126,110,125,17,12,39,9,58,136,114,115,94,169,41,69,63,147,2,35,40,61,0,1,0,9,7,1,0,0,1,0,152,165,121,121,139,193,182,86,50,31,68,51,64,137,160,163,66,59,101,27,98,97,92,75,118,168,31,89,52,199,167,20,95,88,126,76,58,68,142,62,0,33,59,12,0,28,5,14,8,46,1,0,43,2,199,134,190,155,89,81,90,21,62,98,93,78,149,79,70,16,98,21,135,160,91,71,104,26,154,21,28,67,136,131,17,131,9,25,80,10,37,21,26,0,35,3,33,0,0,0,0,0,21,0,5,0,31,30,33,20,8,0,0,30,0,34,0,120,8,28,169,102,8,83,145,28,17,79,34,200,102,124,61,58,111,27,69,5,14,117,150,146,43,121,107,54,0,35,152,93,38,94,19,0,1,20,0,25,3,9,1,5,0

2020-03-05 23:59:00,2,114,139,5,172,50,155,88,82,152,141,92,165,102,54,76,168,149,74,32,109,0,152,130,40,143,42,127,149,115,113,26,36,140,148,93,87,81,40,70,132,101,18,53,51,66,4,40,52,130,141,21,84,46,174,99,14,31,192,182,110,169,199,67,50,133,176,48,94,161,42,60,156,63,136,88,78,126,112,131,17,12,48,9,58,139,121,120,94,169,41,69,63,147,2,35,43,61,0,1,0,9,14,1,0,0,1,0,152,168,121,128,139,193,199,86,71,31,69,56,65,137,160,163,66,72,101,35,109,97,99,79,118,177,47,90,52,199,167,21,95,95,127,83,68,68,146,80,6,37,63,18,0,28,5,14,9,46,1,0,43,2,199,136,193,155,89,89,90,25,62,98,98,78,152,80,70,23,98,26,136,160,93,72,115,26,154,26,31,72,138,131,17,131,9,27,80,10,46,25,27,0,35,3,33,0,0,0,0,0,21,0,5,0,31,34,50,20,8,0,0,30,0,34,0,120,8,28,170,109,11,95,145,29,17,81,34,200,102,124,61,59,116,29,79,5,14,117,150,150,44,121,112,54,0,35,157,98,44,94,19,0,1,20,0,25,5,9,1,5,0

2020-03-06 23:59:00,2,114,139,5,172,50,155,90,82,152,141,92,165,102,54,76,168,149,74,32,109,0,152,132,49,158,45,127,149,115,119,34,36,159,148,100,88,90,53,70,137,103,18,70,51,66,4,40,52,130,141,21,84,46,184,99,14,31,192,182,110,169,199,67,50,134,176,49,94,161,45,65,156,63,136,95,85,126,112,131,17,12,52,9,58,141,128,127,94,169,43,78,63,147,2,35,43,61,0,1,0,9,14,1,0,0,1,0,152,171,121,135,141,193,199,86,72,31,69,56,65,142,160,163,66,72,101,35,113,97,109,79,118,177,50,95,52,199,167,21,95,95,128,86,70,68,153,100,6,46,64,23,0,28,5,14,17,46,1,0,43,2,199,139,193,155,90,95,90,26,62,98,103,78,156,88,70,25,98,29,136,160,97,72,122,26,154,30,31,93,138,131,17,131,9,27,80,10,46,30,27,0,35,3,33,0,0,0,0,0,21,0,5,0,31,36,55,20,8,0,0,30,0,34,0,120,8,28,172,109,11,96,150,29,17,81,34,200,102,124,61,59,119,34,80,5,14,117,150,152,48,121,113,54,0,35,159,103,49,94,19,0,1,20,0,25,5,9,1,5,0

2020-03-07 23:59:00,2,118,139,5,173,50,155,95,82,154,141,92,165,102,54,76,168,149,74,32,109,0,152,134,49,158,51,127,149,115,125,34,36,159,148,117,92,91,62,70,137,103,18,83,51,66,4,44,52,130,149,21,84,46,184,99,14,31,192,189,150,172,199,67,50,134,176,49,96,161,50,77,156,64,136,95,87,130,112,136,17,12,55,9,58,151,132,135,94,169,43,78,63,157,2,35,48,61,2,1,0,9,28,1,0,0,1,0,152,172,121,140,141,193,199,86,91,31,76,56,65,142,160,163,66,81,101,35,119,97,109,79,118,177,55,99,52,199,167,21,95,95,131,86,70,70,159,100,6,48,67,23,0,28,5,14,17,46,1,0,43,2,199,140,196,155,98,101,91,30,72,98,108,78,161,89,83,25,98,29,140,160,97,73,127,30,154,37,31,102,138,133,17,131,9,27,81,10,46,30,27,0,35,3,33,0,0,0,0,0,21,0,5,0,31,36,57,20,8,0,0,30,0,34,0,120,8,28,176,109,11,96,150,29,18,81,34,200,112,124,61,59,119,40,84,5,14,117,150,154,48,121,113,54,0,35,164,108,49,94,19,0,1,20,0,25,5,9,1,5,0

2020-03-08 23:59:00,2,118,139,5,174,50,155,101,82,156,141,92,165,102,54,78,168,149,87,37,109,0,152,137,49,168,51,127,149,115,130,37,36,159,148,119,96,95,62,70,137,104,18,103,51,76,4,44,52,130,154,21,92,46,186,99,14,31,192,189,150,177,199,67,50,134,176,49,96,161,55,85,156,64,136,101,87,136,116,138,17,12,68,9,58,157,137,140,108,169,43,91,63,157,2,35,54,61,2,1,0,9,48,1,0,0,1,0,152,174,127,140,141,193,199,86,101,31,93,56,65,155,161,163,66,83,101,35,119,97,109,79,118,177,61,99,52,199,167,26,95,107,132,86,74,90,159,100,6,48,82,23,0,28,5,14,21,46,1,0,43,2,199,140,200,155,102,110,91,39,73,98,114,78,168,90,90,28,98,30,151,160,97,73,127,30,154,37,31,114,138,139,30,142,9,27,95,12,46,32,27,0,35,3,36,0,0,0,0,0,21,0,5,0,31,37,62,20,8,0,0,33,0,34,0,120,8,29,178,109,11,106,150,33,18,81,35,200,125,124,61,59,127,51,89,5,14,117,150,156,49,121,113,54,0,35,167,113,49,94,19,0,1,20,0,25,5,9,1,5,0

2020-03-09 23:59:00,2,118,139,5,178,50,155,109,82,160,141,99,165,103,54,78,168,149,87,37,109,0,152,144,49,168,51,127,149,115,130,43,39,159,148,119,119,95,62,70,137,104,18,103,51,85,4,44,52,130,160,21,99,46,190,99,14,33,192,189,150,177,199,67,50,135,176,49,101,161,55,85,156,64,142,101,87,148,121,145,20,16,76,9,58,157,139,145,108,169,52,91,65,157,2,35,54,61,3,18,0,9,49,1,0,0,1,0,153,178,127,140,141,193,199,86,101,31,93,63,65,155,161,165,66,83,101,35,119,99,109,79,119,178,63,99,52,199,173,26,95,107,132,86,74,102,159,117,6,48,82,23,0,28,5,14,24,46,1,0,43,2,199,140,200,155,102,113,91,39,73,98,119,78,168,98,90,28,100,30,152,160,97,73,132,30,156,37,31,119,138,143,30,144,9,27,95,13,46,32,27,0,35,3,36,0,0,0,0,0,27,0,5,0,31,37,84,20,8,0,0,53,0,34,0,120,17,29,179,111,11,106,153,37,18,81,35,200,137,131,61,59,127,62,89,5,20,120,151,158,54,121,113,54,0,35,173,118,49,102,19,0,1,20,0,32,6,9,1,5,0

2020-03-10 23:59:00,2,118,139,5,179,50,155,112,82,160,141,107,165,103,54,78,168,154,91,37,109,0,152,149,49,168,51,127,150,115,130,43,39,159,148,119,123,97,62,86,137,104,18,103,53,87,4,44,52,130,165,21,108,46,190,99,14,33,195,192,150,179,199,67,50,135,176,49,101,161,56,85,158,67,158,108,87,152,127,148,20,17,76,9,58,162,146,150,108,169,52,95,65,163,2,35,60,61,3,25,0,12,49,1,0,0,1,0,153,178,131,140,141,193,199,86,104,31,93,64,65,158,161,165,66,86,101,44,119,101,109,79,127,179,65,99,57,199,173,26,95,107,132,86,74,110,159,118,6,48,82,23,0,28,5,14,25,46,1,0,49,2,199,140,200,160,102,113,91,39,80,98,126,78,168,101,90,28,107,30,161,160,98,73,136,30,156,49,31,119,138,147,30,147,9,27,95,13,46,32,27,0,35,3,36,0,0,0,0,0,27,0,5,0,31,37,90,20,8,0,0,65,0,34,0,120,17,29,179,111,11,109,153,37,18,81,35,200,151,140,61,59,135,62,89,5,20,123,151,160,58,131,113,54,0,35,177,123,49,102,19,0,1,20,0,40,6,9,1,5,0

2020-03-11 23:59:00,2,118,139,5,180,50,155,118,82,162,147,111,170,103,54,86,168,160,93,37,109,0,152,150,49,168,51,127,153,120,130,45,39,159,148,119,130,112,62,99,137,106,18,103,53,93,4,49,52,130,168,21,108,46,190,101,14,33,195,193,150,181,199,67,50,135,176,49,104,161,57,85,158,67,160,118,91,160,133,153,20,17,76,9,59,164,147,155,108,169,52,95,65,169,2,35,61,61,4,25,0,12,49,1,0,0,1,0,153,180,135,144,141,193,199,86,110,31,104,79,65,158,163,165,66,96,101,44,124,105,119,79,131,179,65,100,65,199,173,26,95,107,132,86,74,110,162,133,6,48,82,23,0,28,5,14,26,46,1,0,49,27,199,140,200,160,102,114,98,39,85,98,130,79,168,111,106,28,111,30,165,160,98,82,140,30,165,61,33,135,138,147,30,148,9,27,95,13,46,32,27,0,35,3,36,0,0,0,0,0,27,0,5,0,31,37,94,20,8,0,0,70,0,34,0,121,17,29,179,111,11,114,156,41,18,81,35,200,155,141,61,59,135,62,89,5,20,132,151,162,58,132,115,55,0,35,180,134,49,102,19,0,1,20,0,40,8,9,1,5,0

2020-03-12 23:59:00,2,118,139,5,181,53,155,124,82,162,152,113,179,103,54,100,169,162,97,37,109,0,152,154,53,168,51,127,155,120,130,45,43,159,148,119,130,116,68,109,137,112,18,103,53,94,4,57,52,130,168,21,108,46,190,112,14,33,195,193,150,182,199,67,50,137,176,49,104,161,57,85,158,73,172,118,92,161,136,162,20,17,76,9,59,170,151,158,108,169,52,102,65,175,2,35,61,61,4,25,0,12,49,1,0,0,1,0,155,181,135,145,141,193,199,86,112,31,106,85,65,158,163,165,66,103,102,57,129,121,128,79,131,181,65,100,65,199,173,26,95,112,140,86,74,121,165,140,6,55,82,23,0,28,5,14,26,46,1,0,49,27,199,142,200,163,102,127,106,42,85,98,139,79,173,117,112,29,113,30,172,160,98,83,146,30,170,65,33,147,138,147,30,154,9,27,95,13,46,32,27,0,35,3,36,0,0,0,0,0,27,0,5,0,31,38,94,20,8,0,0,75,0,34,0,121,17,29,185,119,11,119,158,51,19,81,35,200,155,148,65,73,136,62,89,5,20,138,151,164,59,132,118,57,0,47,183,144,49,102,19,0,1,20,0,40,12,9,1,5,0

2020-03-13 23:59:00,2,118,139,5,181,53,155,129,82,170,165,115,184,103,54,109,175,165,99,37,109,0,152,163,54,168,79,127,159,120,136,45,43,160,148,119,135,120,71,110,137,117,18,103,53,110,4,67,52,130,176,21,108,46,190,125,14,33,195,197,150,182,199,67,50,140,176,49,106,161,65,85,158,75,181,126,100,164,141,162,20,17,82,9,59,175,157,160,118,169,52,103,65,181,2,35,61,61,8,31,0,34,49,1,0,0,1,0,159,183,135,147,141,193,199,88,112,31,129,87,65,158,163,167,66,105,106,57,134,140,135,79,131,185,73,100,65,199,179,26,105,128,146,86,74,133,169,142,6,60,82,23,0,28,5,14,27,46,1,0,49,27,199,142,200,163,102,134,106,49,87,98,139,80,174,117,112,36,113,36,176,160,98,83,161,39,170,76,33,151,138,157,30,162,9,27,95,13,46,32,27,0,35,3,36,0,0,0,0,0,27,0,5,0,31,41,96,20,8,0,0,80,0,39,0,121,19,29,190,127,11,127,165,53,20,87,35,200,155,157,65,77,136,65,92,5,20,143,153,166,73,132,126,57,0,60,184,144,49,102,20,0,1,20,0,40,12,9,1,5,0

2020-03-14 23:59:00,2,118,139,5,185,65,155,134,82,170,165,118,185,104,54,124,192,168,113,44,109,0,152,172,55,168,84,127,172,122,136,45,43,160,148,123,137,121,79,128,137,121,24,103,53,115,4,80,52,130,176,21,108,46,190,131,14,33,195,197,150,185,199,67,50,149,176,49,107,161,77,85,164,84,182,132,105,164,148,165,20,17,84,9,59,180,160,164,133,169,63,113,66,181,2,35,61,61,14,31,0,42,49,1,0,0,1,0,159,183,135,147,148,193,199,90,112,31,129,89,65,158,163,167,66,113,107,61,134,155,140,79,137,185,73,108,65,199,182,26,118,134,149,86,74,148,174,142,6,60,82,23,0,30,5,14,27,46,1,0,49,27,199,142,200,165,121,136,106,55,87,98,144,88,177,121,115,40,113,41,180,164,98,85,165,39,170,91,33,169,138,158,36,164,9,31,95,19,46,32,27,0,35,3,36,0,0,0,0,0,27,0,5,0,31,42,103,20,8,0,0,83,0,48,0,122,19,29,191,136,11,139,169,62,20,96,35,200,155,157,65,98,145,66,94,5,20,147,171,168,73,132,126,58,0,77,185,160,55,102,20,0,1,20,0,40,12,9,1,5,0

2020-03-15 23:59:00,2,118,139,5,188,72,155,139,83,171,165,119,185,109,70,132,200,170,123,46,109,0,152,172,61,168,85,127,190,127,136,50,43,162,148,140,140,124,82,133,137,128,25,103,62,116,4,91,52,130,176,21,108,46,191,144,30,33,197,197,150,185,199,67,50,150,176,49,108,167,80,92,167,92,182,143,105,164,150,167,20,17,86,9,69,187,164,167,140,169,69,119,72,185,2,37,68,61,17,31,20,49,49,1,0,0,1,0,159,183,135,147,148,193,199,101,119,31,147,94,82,162,163,167,66,131,112,91,138,162,140,79,144,185,74,122,80,199,183,26,132,134,150,93,74,163,174,142,6,60,96,23,0,33,5,14,27,46,1,0,52,27,199,143,200,170,131,143,106,77,99,98,148,88,182,121,121,40,113,49,181,164,98,85,165,39,170,103,46,169,138,164,40,168,9,36,95,35,54,32,27,0,35,3,36,0,0,0,0,0,31,0,5,0,31,45,122,20,8,0,0,83,0,51,0,128,20,31,192,138,11,139,169,70,20,111,43,200,155,164,77,122,145,80,100,5,20,157,174,171,73,133,126,59,0,92,185,163,55,102,21,0,1,20,0,40,12,9,1,5,0

2020-03-16 23:59:00,2,118,144,5,189,78,155,141,83,175,173,136,187,109,72,138,200,170,125,50,126,0,153,172,75,168,100,127,190,132,136,50,43,162,148,155,141,124,86,134,137,128,25,103,89,116,4,110,52,130,176,21,108,49,191,146,44,33,199,197,150,187,200,69,50,160,194,49,108,167,82,100,168,101,182,150,105,165,155,167,20,17,92,9,81,187,167,170,143,176,69,129,88,185,2,37,68,61,17,31,39,49,57,1,0,0,1,0,159,183,146,147,148,193,199,106,119,31,151,104,90,163,164,167,66,133,113,91,144,168,140,79,152,185,83,123,100,199,183,26,141,141,154,110,74,169,174,144,6,73,100,23,0,33,5,14,27,46,1,0,58,27,199,146,200,170,133,149,109,100,106,98,153,107,184,131,123,41,113,52,181,168,98,85,168,39,181,111,56,178,138,168,40,168,10,41,95,47,66,32,27,0,40,3,36,0,0,0,0,0,32,4,5,0,45,52,132,20,8,0,0,89,0,64,0,135,28,31,193,138,11,150,175,77,20,126,43,200,155,169,86,130,145,94,103,10,22,159,175,172,74,150,138,59,0,103,187,166,65,102,22,0,1,20,0,40,12,9,1,5,0

2020-03-17 23:59:00,2,121,144,5,191,78,155,150,83,178,179,140,190,109,79,139,200,172,135,50,133,0,153,172,82,168,110,127,190,136,136,50,52,162,148,155,141,126,98,136,137,131,25,103,90,118,4,113,52,130,179,21,108,52,191,153,59,33,199,197,150,187,200,79,50,169,198,49,112,167,108,110,168,106,182,157,107,172,156,169,99,17,111,9,94,190,173,173,154,182,69,140,98,190,2,37,78,61,18,31,46,49,63,1,0,0,1,0,159,183,151,147,148,193,199,115,119,31,160,107,94,163,164,167,66,147,113,102,149,171,142,79,153,185,83,128,117,199,186,54,157,150,159,123,74,169,177,144,6,73,100,23,0,33,5,14,29,46,1,0,66,27,199,148,200,170,136,159,116,107,106,104,158,118,186,141,138,47,124,65,181,172,98,85,174,44,181,114,60,186,143,172,40,173,32,45,101,68,70,33,31,1,45,3,37,0,0,0,0,0,32,7,5,0,46,52,168,20,8,0,4,89,0,64,10,141,28,31,196,138,11,159,177,96,23,131,43,200,163,170,94,137,145,105,107,12,22,159,177,174,84,154,150,59,0,117,187,169,69,102,25,0,1,20,0,40,12,9,1,5,0

2020-03-18 23:59:00,2,129,144,5,192,83,155,155,83,181,200,168,193,109,83,139,200,175,136,50,144,0,154,174,87,168,116,134,190,140,144,75,62,162,148,161,141,126,104,140,137,144,25,103,95,118,4,115,52,130,190,21,108,57,191,158,73,33,199,197,150,187,200,83,50,169,198,49,112,167,114,110,168,109,182,161,112,177,159,171,99,17,130,11,104,194,176,177,156,182,69,147,109,190,2,37,93,61,18,31,52,49,76,1,0,0,1,0,159,183,151,148,148,193,199,134,119,31,160,114,119,176,164,167,66,147,113,116,154,172,149,79,157,188,83,130,132,199,186,70,160,152,162,129,74,169,177,144,6,73,102,23,0,33,5,14,29,46,1,0,72,27,199,152,200,170,138,167,128,107,113,114,162,127,188,149,142,51,129,65,181,177,98,85,177,44,185,121,60,186,148,172,40,175,50,50,101,92,70,46,31,1,50,3,42,0,0,0,0,0,32,7,5,0,58,52,168,20,8,0,10,100,0,64,10,149,30,31,196,150,11,160,181,119,23,131,50,200,163,179,105,148,150,105,113,12,24,163,178,176,88,154,153,60,0,119,189,172,70,102,25,0,1,20,0,40,12,9,1,5,0

2020-03-19 23:59:00,2,133,161,5,192,91,155,159,83,183,200,185,196,109,93,139,200,177,137,50,144,0,154,174,87,168,116,136,190,145,145,90,69,162,148,161,153,126,105,141,137,147,34,103,95,118,4,117,52,130,191,21,108,60,200,163,73,33,199,197,150,187,200,89,52,169,198,49,112,167,114,126,172,120,182,164,113,180,159,171,99,17,130,11,120,199,177,180,158,182,69,147,129,194,2,37,93,61,18,31,62,49,76,1,0,0,1,0,159,183,151,153,148,193,199,135,119,31,166,124,127,180,164,167,66,155,116,116,159,179,158,79,159,188,88,142,134,199,186,91,162,154,162,129,74,169,177,146,6,73,102,23,0,33,5,14,29,46,1,0,77,80,199,156,200,170,140,183,128,107,113,124,167,127,189,155,150,56,133,71,181,181,98,105,181,47,185,128,72,194,157,177,40,175,56,58,101,118,73,46,31,1,55,3,42,0,0,0,0,0,32,7,5,0,74,52,168,20,8,0,20,111,0,64,10,155,30,31,200,159,11,165,181,121,23,131,55,200,170,179,117,159,150,106,114,12,24,164,185,178,99,154,163,60,0,134,189,175,86,107,27,0,1,20,0,40,12,9,1,5,0

2020-03-20 23:59:00,2,133,172,5,193,104,155,161,83,183,200,200,200,109,96,139,200,178,138,50,144,0,154,174,94,173,116,136,190,146,156,90,69,162,148,161,153,127,109,141,137,149,43,103,95,127,4,117,52,130,206,21,119,64,200,168,92,33,200,197,150,187,200,89,53,169,198,49,112,167,118,130,176,127,182,164,116,184,159,171,99,17,131,11,129,199,179,183,163,182,71,147,141,198,2,37,93,61,20,31,96,49,76,1,0,0,1,0,159,183,151,154,148,193,199,138,122,31,168,131,128,185,164,167,66,155,119,116,164,181,158,79,163,188,88,146,138,199,186,115,167,154,164,134,74,169,177,149,6,73,103,23,0,33,5,14,33,46,1,0,77,89,199,161,200,170,140,189,128,108,117,134,172,129,191,160,150,57,137,85,181,183,98,106,181,53,185,138,76,194,159,185,40,179,63,62,101,143,74,60,31,2,55,3,42,0,0,0,0,0,32,7,5,0,99,52,168,20,8,0,20,131,0,64,10,155,48,31,200,172,11,169,182,136,23,131,63,200,182,179,125,160,155,110,120,12,24,176,187,182,102,155,167,60,0,135,189,178,95,107,27,0,1,20,0,40,12,9,1,5,0

2020-03-21 23:59:00,2,140,172,5,193,104,155,163,83,188,200,200,200,109,104,140,200,183,141,50,144,0,154,174,97,186,116,136,190,152,162,90,69,162,148,167,154,127,116,149,137,149,63,103,95,135,5,121,52,130,206,21,126,71,200,176,92,33,200,197,150,187,200,94,54,169,198,49,116,168,121,131,180,141,182,167,116,184,159,171,99,17,142,11,130,200,182,187,166,182,71,157,141,198,2,37,97,61,20,31,119,49,76,1,0,0,1,0,159,183,151,154,148,193,199,154,122,31,173,143,137,185,164,167,66,156,121,116,164,185,159,79,163,188,96,147,138,199,186,128,174,154,164,143,74,169,177,149,6,80,103,23,0,34,5,14,38,46,1,0,80,89,199,163,200,170,150,189,128,108,117,154,177,129,196,160,158,60,138,94,190,184,98,111,182,53,185,141,76,194,159,185,40,180,67,62,101,166,74,72,31,9,55,3,42,0,0,2,0,0,32,7,5,0,122,52,168,20,10,3,20,147,0,71,10,174,51,31,200,200,11,179,185,154,23,131,63,200,185,179,137,163,159,117,124,12,24,177,197,182,103,159,167,69,0,135,190,181,98,107,29,0,1,20,0,40,12,9,1,5,0

2020-03-22 23:59:00,2,144,172,5,195,104,155,168,83,188,200,200,200,111,104,141,200,183,141,50,144,4,154,181,127,186,128,136,190,157,169,90,69,162,148,167,160,127,118,151,137,149,75,106,104,143,5,122,52,130,206,21,160,75,200,178,124,33,200,197,150,193,200,94,57,169,198,49,116,168,121,152,180,150,182,167,116,184,161,171,99,17,151,11,135,200,182,189,181,182,71,161,145,198,2,37,105,61,20,31,158,64,81,1,0,0,1,0,159,183,151,156,148,193,199,154,122,31,192,144,156,185,164,167,67,156,122,116,169,186,162,79,163,199,106,148,144,199,186,152,178,158,170,156,74,176,177,149,6,96,103,23,0,34,5,14,48,46,1,0,80,89,199,163,200,170,156,189,128,108,117,154,177,133,196,160,158,68,145,94,190,190,98,129,183,58,185,149,82,194,166,185,44,181,73,71,101,194,81,76,38,17,55,3,42,0,0,3,0,0,38,7,5,0,128,52,168,20,31,16,20,150,0,73,10,174,51,31,200,200,11,191,185,169,23,131,63,200,185,179,141,174,159,129,133,12,30,178,200,186,105,159,167,73,0,142,190,184,107,107,35,0,1,20,0,40,12,9,1,5,0

2020-03-23 23:59:00,2,144,200,5,195,104,155,168,83,188,200,200,200,121,104,141,200,183,141,50,144,36,154,181,133,186,132,136,190,161,169,90,69,162,148,167,163,127,120,151,137,149,84,121,110,143,5,122,52,130,206,21,160,81,200,182,124,33,200,197,169,195,200,94,58,169,198,49,116,168,121,152,180,154,182,167,116,184,163,171,99,17,158,11,144,200,182,191,184,197,71,161,155,198,2,37,109,61,20,31,168,88,82,1,0,0,1,0,159,183,159,156,148,193,199,154,122,31,192,147,156,186,164,167,67,156,122,116,175,186,166,79,163,199,106,148,144,199,186,155,178,159,173,168,74,176,177,156,6,96,111,23,0,36,5,14,48,46,1,0,84,89,199,166,200,173,160,194,128,120,122,172,183,133,197,160,159,75,151,94,191,190,98,159,183,59,185,152,83,194,168,185,65,181,82,118,101,200,85,88,45,21,55,3,42,11,0,3,0,0,53,7,5,0,133,52,168,20,45,35,20,154,0,73,10,174,52,31,200,200,11,191,187,183,23,131,73,200,191,186,160,180,162,137,139,12,30,178,200,188,105,159,177,74,0,153,195,187,112,167,36,0,1,20,0,40,12,9,1,5,0

2020-03-24 23:59:00,2,144,200,5,195,104,155,168,83,188,200,200,200,123,104,141,200,183,141,50,144,64,154,181,135,186,141,138,190,161,169,90,69,162,148,167,166,127,136,151,149,149,99,137,110,143,5,122,52,130,206,21,160,86,200,185,132,33,200,197,200,195,200,94,63,169,198,49,116,168,121,152,180,158,182,167,116,184,163,171,99,17,172,39,156,200,182,191,185,200,71,161,161,198,2,37,110,61,20,32,184,94,85,1,0,0,1,0,159,183,171,156,148,193,199,155,122,31,192,160,159,187,164,179,67,164,122,116,177,186,169,79,163,199,106,148,144,199,186,160,178,164,174,171,74,176,178,163,6,96,126,23,5,40,5,14,55,46,1,0,84,89,199,168,200,173,162,197,128,120,122,190,188,133,197,169,159,109,157,94,191,190,110,188,183,64,185,158,83,194,168,192,65,181,89,118,101,200,95,96,52,21,55,3,42,11,8,3,6,0,53,7,20,1,133,52,168,20,45,35,20,157,1,73,10,174,73,31,200,200,11,191,190,183,23,131,76,200,191,187,163,187,168,159,148,12,30,184,200,189,109,163,186,78,0,164,199,190,128,180,45,0,1,20,0,40,12,9,1,5,0

2020-03-25 23:59:00,2,144,200,5,195,104,155,168,83,192,200,200,200,123,104,141,200,183,141,54,151,97,154,181,135,186,145,138,190,161,169,90,78,162,148,167,166,127,140,155,161,149,99,152,114,143,10,123,52,130,206,21,195,88,200,185,160,33,200,197,200,200,200,94,65,169,198,49,116,168,121,152,180,163,182,167,116,184,163,171,99,17,172,88,156,200,182,191,185,200,82,161,164,198,2,37,121,61,20,32,187,94,91,1,0,0,1,0,159,183,171,156,148,193,199,161,122,31,192,176,165,187,164,179,67,185,122,116,177,186,174,79,163,199,106,148,144,199,186,160,178,170,175,172,74,176,178,168,6,96,126,23,6,40,5,14,62,46,1,0,84,89,199,168,200,178,164,200,144,120,122,190,194,133,197,172,160,120,157,94,191,190,110,188,193,64,185,159,83,194,168,192,65,181,102,129,101,200,113,96,57,21,55,3,42,11,29,3,12,0,53,11,47,1,133,52,168,53,45,35,20,163,3,73,10,174,94,31,200,200,19,191,191,186,23,131,76,200,191,197,163,194,175,162,156,12,31,184,200,192,109,163,188,84,0,164,199,192,141,180,56,0,1,20,0,40,12,9,1,5,0

2020-03-26 23:59:00,2,144,200,5,195,104,155,168,83,192,200,200,200,123,104,141,200,192,141,62,151,97,160,186,138,186,152,138,190,161,170,90,78,162,148,167,166,131,140,157,161,149,99,152,138,150,12,129,52,130,206,21,198,92,200,185,160,33,200,197,200,200,200,94,65,169,200,49,116,168,121,152,181,168,200,177,116,188,163,171,138,17,175,125,156,200,182,191,185,200,106,166,171,198,2,37,121,61,20,32,188,94,96,1,0,0,1,0,159,183,171,156,148,193,199,171,122,31,192,181,167,189,164,179,67,185,122,116,177,188,178,79,163,199,106,148,144,199,186,160,179,184,190,175,74,176,178,174,11,101,134,23,6,40,5,14,67,46,1,0,84,89,200,173,200,180,164,200,144,120,122,190,200,133,198,177,165,125,170,101,195,200,110,188,197,64,185,165,83,194,179,196,70,181,120,129,101,200,113,98,66,21,55,3,42,12,29,3,17,0,53,22,67,6,133,59,168,68,45,35,20,165,3,73,10,174,112,31,200,200,28,191,199,196,23,131,89,200,191,197,163,198,185,166,158,21,31,199,200,192,109,163,188,85,0,164,199,195,154,180,75,8,1,20,0,40,12,9,1,5,0

2020-03-27 23:59:00,2,144,200,5,195,104,155,173,83,192,200,200,200,123,104,141,200,200,141,86,156,97,165,186,138,200,152,138,190,162,173,106,79,162,153,167,166,139,140,157,161,184,99,152,148,155,14,140,52,130,206,21,198,99,200,185,160,33,200,197,200,200,200,94,65,169,200,49,116,168,121,156,182,173,200,189,116,189,165,171,138,17,175,176,156,200,184,195,190,200,118,166,174,198,2,37,127,61,20,32,188,94,96,1,0,0,1,0,159,183,171,156,148,193,199,181,122,31,192,185,167,189,166,179,67,185,122,116,177,188,178,79,163,199,112,149,144,199,186,160,181,186,190,177,74,176,178,174,11,119,135,23,6,40,5,14,69,46,1,0,84,89,200,187,200,187,164,200,144,120,136,190,200,133,198,182,165,129,170,101,200,200,122,200,197,64,185,172,83,194,186,196,93,181,130,129,101,200,120,98,77,21,55,3,42,14,29,3,17,0,65,34,89,8,154,59,168,90,45,35,20,183,6,78,10,176,135,31,200,200,28,191,199,197,23,131,112,200,192,197,163,200,187,166,158,36,31,199,200,194,110,163,189,85,7,173,199,197,157,180,75,23,1,20,0,40,12,9,1,5,0

2020-03-28 23:59:00,2,144,200,5,195,104,155,200,83,192,200,200,200,124,104,141,200,200,141,86,156,97,167,193,139,200,165,138,190,168,177,106,79,162,155,167,176,154,140,157,161,184,99,152,157,155,20,153,52,130,206,21,198,99,200,200,160,33,200,197,200,200,200,94,65,169,200,49,116,168,147,166,182,181,200,193,116,189,165,171,138,17,179,186,156,200,185,198,191,200,126,173,174,198,2,37,128,61,20,32,195,94,96,1,0,0,1,0,159,183,171,156,148,193,199,199,122,31,196,185,167,189,169,179,67,185,122,117,189,190,185,79,165,199,112,150,155,199,186,160,190,186,196,177,74,177,179,174,22,138,135,23,6,40,5,14,69,46,1,0,84,89,200,187,200,187,172,200,144,120,136,190,200,133,198,195,172,129,192,101,200,200,122,200,197,64,188,177,89,194,190,196,94,189,130,129,103,200,124,98,77,21,55,3,100,15,29,3,45,0,108,35,127,8,171,59,172,94,51,35,20,192,6,78,10,195,145,34,200,200,28,191,199,197,23,132,127,200,193,197,163,200,192,166,166,52,33,199,200,197,110,163,194,113,8,190,199,200,157,180,75,23,1,20,0,40,13,9,1,5,0

2020-03-29 23:59:00,2,144,200,5,197,112,155,200,83,192,200,200,200,124,104,143,200,200,142,96,156,97,167,193,139,200,165,138,190,169,179,152,79,162,157,167,178,170,146,157,161,184,104,152,157,161,21,153,52,130,206,21,198,129,200,200,181,33,200,197,200,200,200,94,65,169,200,49,116,168,147,175,182,182,200,193,116,198,165,171,167,17,185,186,156,200,185,198,198,200,126,177,197,198,2,39,143,162,20,32,200,96,102,1,0,0,1,0,159,183,171,156,150,193,199,199,122,31,199,185,168,199,169,179,67,185,122,143,199,190,194,79,165,199,112,151,165,199,189,160,195,194,199,180,74,193,179,176,22,163,135,23,6,40,5,14,69,46,1,0,85,89,200,200,200,191,174,200,144,120,147,190,200,133,199,195,172,129,200,123,200,200,122,200,199,94,188,177,89,194,195,200,94,189,130,129,112,200,127,98,77,21,55,3,105,95,96,3,95,0,120,35,141,11,172,59,172,127,52,95,31,192,6,78,10,200,145,34,200,200,28,191,199,197,23,184,127,200,193,197,165,200,200,170,167,60,46,199,200,198,110,163,198,124,8,196,200,200,157,183,75,23,1,20,0,40,13,9,1,5,0

2020-03-30 23:59:00,2,144,200,5,197,126,155,200,83,192,200,200,200,124,104,143,200,200,152,97,156,106,167,193,139,200,165,138,190,180,188,200,95,162,162,167,183,176,154,176,200,184,121,152,161,161,56,177,52,130,206,21,198,169,200,200,195,33,200,197,200,200,200,95,66,177,200,49,116,168,153,188,182,185,200,194,116,200,170,171,167,17,185,193,199,200,187,200,200,200,131,183,200,198,4,39,172,162,20,35,200,124,104,1,0,0,1,0,159,183,198,199,175,193,199,199,128,31,199,186,171,199,169,198,67,185,124,143,199,190,196,79,171,199,114,155,170,199,199,173,197,199,199,199,74,198,191,181,22,172,135,23,14,40,5,14,69,46,1,0,85,130,200,200,200,191,174,200,168,120,172,190,200,140,199,195,172,132,200,199,200,200,141,200,199,159,188,182,89,194,195,200,94,189,145,131,122,200,128,112,85,21,55,3,190,95,106,14,106,8,153,35,159,34,172,60,200,145,109,106,91,192,10,78,10,200,150,44,200,200,57,191,199,200,23,200,139,200,193,197,200,200,200,178,174,72,52,200,200,200,114,174,198,129,13,196,200,200,170,198,78,34,1,20,5,40,13,9,1,5,0

2020-03-31 23:59:00,2,149,200,5,197,141,155,200,83,192,200,200,200,124,104,143,200,200,199,97,156,159,167,193,167,200,189,140,190,200,197,200,172,162,173,185,183,200,177,200,200,186,148,152,164,161,138,200,52,130,206,21,198,192,200,200,195,33,200,197,200,200,200,119,66,177,200,49,116,168,191,188,182,189,200,194,116,200,176,171,167,17,199,200,199,200,187,200,200,200,179,200,200,198,49,39,192,162,20,35,200,200,130,1,0,0,1,0,159,183,198,199,197,193,199,199,158,31,199,186,199,199,169,198,74,185,126,145,199,199,199,161,171,199,114,170,179,199,199,182,199,199,199,199,74,198,197,185,162,183,156,23,28,40,5,14,71,46,1,0,88,200,200,200,200,191,200,200,193,169,180,190,200,162,199,195,172,174,200,200,200,200,161,200,199,196,188,199,89,194,195,200,107,190,196,146,162,200,129,117,143,21,55,3,190,174,173,172,184,16,166,35,186,125,172,82,200,153,160,173,134,192,174,83,138,200,200,170,200,200,200,191,199,200,23,200,199,200,193,198,200,200,200,200,190,81,83,200,200,200,121,184,198,161,14,196,200,200,196,198,117,92,1,20,28,40,16,9,1,5,0

[3544, 48117, 49405, 51584, 60581, 60587, 60604, 60606, 60616, 60619, 60631, 60634, 60635, 60639, 60654, 60665, 60671, 60676, 60686, 60707, 60708, 60715, 60737, 60752, 60760, 60762, 60763, 60769, 60772, 60773, 60775, 60782, 60785, 60788, 60799, 60812, 60829, 60832, 60833, 60870, 60885, 60895, 60896, 60899, 61019, 61053, 61094, 61406, 60615, 47329, 60598, 58834, 59018, 60586, 60589, 60602, 60603, 60613, 60620, 60621, 60627, 60632, 60636, 60642, 60651, 60652, 60658, 60659, 60677, 60683, 60688, 60690, 60694, 60695, 60703, 60706, 60714, 60716, 60720, 60722, 60724, 60725, 60730, 60733, 60738, 60742, 60753, 60756, 60759, 60764, 60768, 60771, 60787, 60790, 60827, 60828, 60900, 60901, 61097, 61106, 61132, 61135, 61519, 40552, 61035, 61074, 60583, 39201, 48102, 58758, 59308, 60585, 60590, 60595, 60599, 60617, 60624, 60630, 60638, 60641, 60647, 60653, 60657, 60661, 60666, 60668, 60669, 60675, 60692, 60696, 60698, 60710, 60749, 60750, 60751, 60755, 60757, 60766, 60767, 60776, 60777, 60792, 60795, 60835, 60837, 60846, 60876, 60889, 60898, 61041, 61659, 60645, 60679, 60700, 34511, 60711, 60866, 61212, 2843, 60578, 49823, 60580, 60591, 60592, 60601, 60605, 60610, 60614, 60618, 60622, 60623, 60625, 60644, 60648, 60649, 60667, 60670, 60673, 60678, 60691, 60697, 60699, 60712, 60721, 60723, 60731, 60747, 60765, 60778, 60781, 60791, 60793, 60794, 60796, 60797, 60810, 60836, 60839, 60891, 61046, 61048, 61715, 60628, 60713, 8160, 8246, 8317, 8318, 16304, 39021, 39160, 39190, 39200, 40186, 47774, 47920, 47937, 47961, 48025, 48083, 48721, 49361, 49687, 50263, 52592, 58547, 58575, 58585, 58586, 58610, 58616, 58634, 58778, 58822, 58865, 59137, 59140, 60593, 60594, 60608, 60611, 60637, 60640, 60643, 60660, 60662, 60672, 60693, 60705, 60717, 60719, 60727, 60734, 60739, 60746, 60758, 60761, 60770, 60774, 60825, 61020, 47996, 60689, 61143, 48090, 58744, 60584, 60728, 49315, 47879, 60822]
